# Ms/Mh(Mh) given in Harikane et al 2018
# z  log(Mh/Msun) +      -   Ms/Mh(10^-3) +     -
3.8     12.61   0.02    0.02    9.7     0.43    0.44
3.8     12.22   0.02    0.02    8.87    0.41    0.41
3.8     11.94   0.03    0.02    6.65    0.45    0.31
3.8     11.69   0.03    0.02    4.98    0.34    0.24
3.8     11.33   0.04    0.05    3.24    0.28    0.40
3.8     11.23   0.04    0.05    2.35    0.21    0.28
3.8     10.97   0.06    0.05    1.48    0.19    0.18
3.8     10.69   0.10    0.10    0.85    0.17    0.21
3.8     10.52   0.08    0.10    0.59    0.10    0.15
4.9     12.49   0.02    0.02    9.01    0.41    0.41
4.9     12.21   0.02    0.02    8.03    0.36    0.36
4.9     11.95   0.01    0.03    7.02    0.16    0.51
4.9     11.74   0.02    0.02    5.65    0.27    0.28
4.9     11.30   0.02    0.04    4.39    0.21    0.43
4.9     11.15   0.03    0.03    3.82    0.26    0.27
4.9     11.03   0.04    0.04    3.35    0.29    0.32
4.9     10.72   0.13    0.12    1.68    0.44    0.51
5.9     12.04   0.01    0.02    7.39    0.18    0.35
5.9     11.29   0.04    0.03    6.22    0.56    0.44
5.9     10.97   0.04    0.05    4.35    0.38    0.52
6.8     11.00   0.07    0.08    4.51    0.66    0.94
6.8     10.91   0.05    0.06    4.53    0.51    0.66