# z=4
# M_h	        M*/M_h	Delta_y- Delta_y+
2.387e11	0.007	-0.002	0.004
3.188e11	0.010	-0.002	0.005
4.169e11	0.013	-0.003	0.007
5.715e11	0.017	-0.004	0.008
7.529e11	0.020	-0.006	0.008
9.920e11	0.021	-0.007	0.008
1.322e12	0.021	-0.007	0.008
1.780e12	0.021	-0.007	0.008
2.345e12	0.018	-0.007	0.008
3.138e12	0.016	-0.005	0.008
4.149e12	0.013	-0.005	0.007
5.701e12	0.011	-0.004	0.007
7.470e12	0.009	-0.003	0.007
9.897e12	0.007	-0.002	0.007
1.319e13	0.006	-0.001	0.006
1.792e13	0.004	-0.001	0.006
2.407e13	0.003	-0.0007	0.005
# z=5
# M_h	        M*/M_h	
1.780e11	0.009	
2.379e11	0.012	
3.210e11	0.015	
4.260e11	0.018	
5.644e11	0.020	
7.649e11	0.021	
1.008e12	0.020	
1.363e12	0.019	
1.764e12	0.017	
2.377e12	0.014	
3.191e12	0.011	
4.201e12	0.009	
5.649e12	0.007	
7.536e12	0.006	
